
class Cam_Cal():
      def __init__(self):
            self.cam = {1: [],

            2: [],
              
              
              
              
              3: [{
                        "rotation": [
                          0.0474064217091424,
                          -0.009122383458866162,
                          -0.9988340269037521,
                          0.03170146783561972,
                          0.9994683077189502,
                          -0.007623568881195128,
                          0.9983724996802564,
                          -0.03130309865570115,
                          0.04767040902645254
                        ],
                        "translation": [
                          2.0346436516706716,
                          0.15098991250346783,
                          1.9081762437475864
                        ]
                      }, {
                        "rotation": [
                          1.0,
                          0.0,
                          0.0,
                          0.0,
                          1.0,
                          0.0,
                          0.0,
                          0.0,
                          1.0
                        ],
                        "translation": [
                          0.0,
                          0.0,
                          0.0
                        ]
                      }, {
                        "rotation": [
                          -0.05503728305632398,
                          -0.06289408322381485,
                          0.9965014961199079,
                          -0.05425386983381036,
                          0.9967281872221686,
                          0.059911922059518126,
                          -0.9970092352038844,
                          -0.050766673046848176,
                          -0.058269458774904456
                        ],
                        "translation": [
                          -2.433083212764053,
                          -0.11688068364320307,
                          2.2651873033288368
                        ]
                      }, {
                        "rotation": [
                          -0.9975029504614801,
                          -0.05057702292283562,
                          -0.04929329135802324,
                          -0.04867391090404321,
                          0.9980501745867711,
                          -0.03907300096770227,
                          0.051173374111438255,
                          -0.03657613647693955,
                          -0.9980197753664364
                        ],
                        "translation": [
                          -0.1568367955944705,
                          0.09637531452186283,
                          4.1251535116391835
                        ]
                      }],
          4 :[{
                        "rotation": [
                          -0.10153006011608547,
                          0.019336641206071023,
                          -0.9946445300707627,
                          -0.011282787658231578,
                          0.9997243968707996,
                          0.02058710771274921,
                          0.9947684884411452,
                          0.013312573311902049,
                          -0.10128390689705759
                        ],
                        "translation": [
                          2.4029417954677847,
                          0.0006033381196006956,
                          2.3380179860610997
                        ]
                      },{
                        "rotation": [
                          1.0,
                          0.0,
                          0.0,
                          0.0,
                          1.0,
                          0.0,
                          0.0,
                          0.0,
                          1.0
                        ],
                        "translation": [
                          0.0,
                          0.0,
                          0.0
                        ]
                      },{
                        "rotation": [
                          -0.017350607889147076,
                          -0.026920036050998547,
                          0.9994870024492014,
                          0.00019428987272378874,
                          0.9996373713560952,
                          0.026927458842665578,
                          -0.9998494479957091,
                          0.0006613979823255235,
                          -0.017339085771358613
                        ],
                        "translation": [
                          -2.3940588412022525,
                          -0.1613792875051818,
                          2.3802714351100476
                        ]
                      },{
                        "rotation": [
                          -0.9981333653659891,
                          -0.015666431144359776,
                          0.05902836503211517,
                          -0.013929478981873385,
                          0.9994611058176012,
                          0.029723182419673092,
                          -0.05946221118037236,
                          0.028845465727886644,
                          -0.9978137023254812
                        ],
                        "translation": [
                          -0.08189590808177183,
                          -0.10562289543456643,
                          4.5437411730360555
                        ]
                      }],
                      
                    
                    5 : [],
                    
                    6: [],

                    7: [],
                    }

      def get_cal(self, day):
        return self.cam[day]